,安全关注,舒适度,价格评价,服务体验,技术可靠性,法规合规,隐私保护
安全关注,0.9999999999999943,0.036495967547236004,0.07490051068157604,0.05396010202700443,0.07523861763866395,0.034797975927453276,0.5865885533261261
舒适度,0.036495967547236004,0.9999999999999969,0.0698092513502067,0.055743124472060986,0.019619050328084912,0.011802025077377874,0.028334600756232894
价格评价,0.07490051068157604,0.0698092513502067,0.9999999999999997,0.10206529180241004,0.10552236197584401,0.03140387248548638,0.06972175771755759
服务体验,0.05396010202700443,0.055743124472060986,0.10206529180241004,1.0000000000000038,0.035337001810151196,0.016291080476171286,0.033449352934405506
技术可靠性,0.07523861763866395,0.019619050328084912,0.10552236197584401,0.035337001810151196,1.0000000000000004,0.020962386250275113,0.06286354999654796
法规合规,0.034797975927453276,0.011802025077377874,0.03140387248548638,0.016291080476171286,0.020962386250275113,1.0000000000000056,0.018799235342177655
隐私保护,0.5865885533261261,0.028334600756232894,0.06972175771755759,0.033449352934405506,0.06286354999654796,0.018799235342177655,1.0000000000000016
